Duplicate Integers 0..999
1000
370
420
800
50
190
340
210
370
460
220
730
990
600
250
450
150
470
280
340
710
780
590
500
200
100
960
130
240
0
890
210
80
760
170
920
730
330
910
0
450
570
390
600
70
550
970
130
80
930
440
770
600
950
240
510
310
970
890
80
270
170
270
880
940
410
80
490
570
90
100
880
170
560
970
0
830
330
630
940
650
920
810
870
450
590
40
10
620
500
540
280
990
290
360
270
800
840
840
790
760
330
740
410
410
700
660
110
300
620
210
670
410
910
290
90
710
710
40
800
750
530
520
50
640
940
310
230
950
110
220
90
400
430
690
0
930
50
530
510
790
150
490
340
570
70
70
790
360
760
850
890
580
230
40
590
340
960
160
850
480
240
570
520
360
120
700
230
350
220
640
150
330
960
800
430
770
660
780
760
760
60
880
240
240
130
850
830
840
20
100
370
290
400
140
900
20
510
50
730
700
460
160
190
740
350
680
170
610
750
140
860
820
670
480
430
490
380
320
800
780
450
600
360
670
770
690
960
850
860
90
410
970
570
690
400
740
630
250
820
320
970
180
380
570
860
350
810
60
240
690
480
450
280
200
870
340
10
860
350
50
520
720
60
740
470
150
720
670
650
110
920
220
30
610
990
810
290
720
970
70
340
140
180
520
80
710
440
470
790
20
260
550
240
570
790
630
430
720
350
710
400
190
230
840
410
780
650
940
910
490
630
110
420
580
510
80
100
300
30
110
960
770
170
820
660
130
440
330
530
720
920
220
40
450
910
900
40
180
670
760
780
40
220
810
300
780
640
40
30
580
440
840
480
390
900
810
600
0
390
480
630
790
380
20
420
930
900
280
390
570
620
460
90
480
550
220
550
880
690
680
270
120
150
310
220
920
740
460
260
980
260
530
210
780
360
850
650
70
620
230
530
320
350
510
140
920
800
280
680
960
700
220
640
670
130
310
270
260
680
440
10
120
470
880
630
510
210
740
130
20
600
380
830
830
700
770
470
200
870
690
500
880
290
610
810
310
850
370
740
400
20
10
510
200
680
680
320
880
400
900
990
780
620
320
390
940
520
160
40
150
170
20
990
270
290
610
870
480
490
660
520
740
700
500
470
280
800
100
160
260
740
720
820
70
800
400
190
600
340
350
630
830
820
920
60
770
420
160
200
980
490
310
400
230
560
420
540
720
90
550
730
540
560
820
30
460
140
120
180
560
350
610
970
900
450
320
110
30
440
990
410
60
60
200
840
580
660
130
840
440
90
580
860
270
940
870
60
730
990
330
860
110
690
540
480
310
670
320
500
460
720
340
950
300
980
60
380
280
810
660
920
770
70
770
930
620
260
230
600
890
40
500
160
20
850
810
460
110
650
640
640
360
40
910
290
70
550
410
370
180
210
390
510
250
870
930
930
650
370
170
880
430
250
580
930
350
910
190
710
120
870
450
970
300
550
140
750
380
270
950
380
690
30
670
250
460
930
980
660
910
200
700
320
710
260
200
960
450
190
830
580
530
540
120
300
320
420
80
350
850
620
760
100
710
660
380
680
140
560
890
50
120
160
460
950
140
950
180
480
260
180
30
670
870
560
180
990
790
470
490
160
60
140
640
440
970
710
420
290
590
590
400
530
610
540
230
750
390
10
540
960
30
430
980
360
980
490
630
890
330
0
330
320
610
100
870
50
730
380
790
420
150
840
390
820
90
860
540
940
650
240
190
120
760
820
720
540
730
460
830
370
440
260
290
500
880
760
950
730
550
880
300
440
280
890
520
230
750
190
610
210
380
250
900
0
710
610
450
130
680
300
470
940
580
800
430
390
190
330
400
270
940
30
990
630
820
600
890
160
910
310
520
820
660
260
360
660
900
690
50
280
340
90
910
80
920
360
860
750
930
580
10
620
900
780
800
390
670
740
210
70
650
50
650
560
590
10
490
680
970
730
20
940
190
530
810
210
520
770
900
550
750
60
500
700
590
890
640
500
830
750
20
280
70
200
630
10
410
570
830
560
160
80
590
250
420
690
640
730
850
10
840
720
870
120
330
790
310
430
560
680
550
430
600
170
540
580
90
140
210
180
700
470
590
960
220
410
150
700
850
980
130
860
950
370
570
310
0
950
300
300
930
590
80
250
990
840
560
100
770
200
470
500
830
150
520
150
640
170
250
910
980
860
750
50
620
100
0
510
490
100
110
170
620
270
250
120
230
10
920
180
430
950
610
510
960
530
980
130
0
480
360
340
420
30
110
980
780
240
370
810
890
750
240
790
760
370
650
290
530
