Nearly Unsorted Integers 0..999
1000
999
998
997
996
995
993
994
992
991
990
989
988
987
986
985
984
982
983
981
980
978
979
977
976
975
974
973
971
972
970
968
969
967
966
965
964
963
962
961
960
958
959
957
956
955
954
953
952
951
950
949
948
947
946
945
944
943
942
941
940
938
939
937
936
935
934
933
932
931
930
929
928
927
926
925
924
923
922
921
920
918
919
916
917
915
914
913
912
910
911
909
908
907
906
904
905
903
901
902
900
899
898
897
896
895
894
893
892
891
890
889
887
888
886
885
884
883
881
882
880
878
879
877
876
875
874
873
871
872
870
869
868
866
867
865
864
863
862
861
860
859
858
857
855
856
854
853
852
851
850
849
847
848
846
845
844
842
843
841
840
839
838
837
836
835
834
833
832
831
830
828
829
826
827
825
824
823
822
821
820
819
818
817
816
815
814
813
812
811
810
809
808
807
806
805
804
803
801
802
800
799
798
797
796
795
794
793
792
791
789
790
788
787
786
785
784
782
783
781
780
779
778
777
775
776
774
773
772
771
769
770
768
767
766
765
764
763
762
761
760
759
758
757
756
755
753
754
751
752
750
748
749
746
747
745
744
742
743
741
740
739
738
737
736
735
734
733
732
731
730
729
728
727
726
725
724
723
722
721
720
719
717
718
716
715
714
713
712
711
709
710
708
707
706
705
704
703
702
701
700
699
698
697
696
694
695
693
692
691
690
689
688
687
686
685
684
683
682
681
679
680
678
677
675
676
674
672
671
673
670
669
668
667
666
665
664
663
661
662
660
659
657
656
658
655
654
653
652
651
650
649
648
647
646
645
644
643
642
641
640
639
638
637
636
635
634
633
632
631
630
629
628
627
626
625
624
623
622
621
620
619
618
617
616
615
614
613
612
611
609
610
608
607
606
605
604
603
602
601
600
599
598
597
596
594
595
593
591
592
590
589
588
587
585
586
584
583
582
581
580
579
578
577
575
576
574
573
572
570
571
569
568
567
565
564
566
563
562
561
560
559
558
557
556
555
554
553
552
551
550
549
548
547
546
545
544
543
542
541
540
539
537
538
536
535
533
534
532
531
530
528
527
529
526
525
524
523
521
522
520
519
518
517
516
515
514
513
512
511
510
508
509
507
506
505
504
503
501
502
500
499
498
497
496
495
494
492
493
491
490
489
488
487
486
485
484
483
482
481
480
479
478
477
476
475
474
473
472
471
470
469
468
467
465
466
464
463
461
460
462
459
458
457
456
455
454
453
452
451
450
448
449
447
446
445
444
443
442
441
440
439
438
437
435
436
433
434
432
430
431
429
428
427
426
425
424
423
422
421
420
418
419
417
416
415
414
413
412
411
410
409
408
407
406
405
404
403
402
401
400
398
397
396
399
395
394
392
393
391
390
389
388
387
386
384
385
383
382
381
380
379
378
377
376
375
374
373
371
372
370
369
368
367
365
366
364
363
362
361
360
359
358
357
355
356
354
352
353
351
350
349
348
347
346
345
344
342
343
341
340
339
338
337
336
335
334
332
333
331
330
329
328
327
326
324
323
325
321
322
320
319
318
317
316
315
314
313
312
311
310
309
308
306
307
305
304
303
302
300
301
299
298
297
295
296
294
293
292
291
290
289
288
287
286
285
283
284
281
282
280
279
278
276
277
275
274
273
272
271
270
269
268
267
266
265
264
263
262
260
261
258
259
257
256
255
254
253
252
251
250
249
248
247
245
246
244
243
242
241
240
239
238
237
235
236
234
233
232
230
231
229
227
228
226
225
224
223
221
220
222
218
219
217
216
215
214
213
212
211
210
209
208
206
207
205
204
203
202
201
200
199
198
197
196
195
194
192
191
190
193
188
189
187
186
185
183
184
182
181
179
180
178
177
176
175
174
173
172
171
170
169
168
167
166
165
164
162
163
161
160
159
158
157
156
155
154
153
152
151
149
150
148
147
146
145
144
143
142
141
140
138
139
137
136
134
135
133
132
131
130
129
128
127
126
125
124
123
122
121
120
119
118
117
116
114
115
113
112
111
110
109
108
107
105
106
104
103
102
101
99
100
98
97
96
95
94
92
91
93
89
90
88
87
86
85
84
83
81
80
82
79
78
77
76
75
74
73
71
72
70
69
68
67
66
65
64
63
62
61
60
59
58
57
56
55
54
53
52
51
50
49
48
47
46
45
44
43
42
41
40
39
38
37
36
35
34
33
32
31
30
29
28
27
26
25
24
22
23
21
20
19
18
17
15
16
14
13
12
11
10
9
8
6
7
5
4
3
1
2
0
