Shuffled Integers 0..999
1000
78
999
908
626
17
466
661
97
794
198
570
272
416
233
807
801
196
281
454
467
51
771
394
668
889
253
72
331
313
832
773
986
702
445
886
468
218
660
106
526
848
607
970
298
756
722
297
906
947
971
516
457
979
425
669
902
922
941
846
124
367
731
734
718
391
579
563
372
928
834
213
436
862
513
923
276
3
797
556
129
125
760
747
985
30
873
153
229
290
212
374
939
914
25
52
398
741
359
357
982
319
654
989
348
785
714
344
370
532
600
231
347
128
157
110
778
180
587
903
197
500
595
23
949
118
203
776
635
686
716
581
475
980
901
250
678
764
748
94
202
653
190
282
226
439
255
523
539
541
698
891
88
138
77
898
114
314
977
948
754
961
485
809
453
561
821
375
427
29
361
536
622
69
975
461
631
505
993
111
628
353
681
509
20
930
614
529
782
269
933
963
498
440
265
584
707
188
383
704
148
750
266
456
931
86
73
590
349
471
366
242
392
966
480
759
987
679
695
594
720
410
463
543
441
390
851
341
537
644
320
356
671
163
368
919
262
189
768
962
42
765
79
307
131
399
376
968
40
909
183
885
235
944
571
662
893
524
446
264
861
199
670
234
149
866
162
762
775
65
568
259
412
93
222
121
2
64
44
682
420
438
538
300
244
574
60
291
766
706
847
209
666
346
330
161
257
780
883
829
545
243
645
973
957
400
784
227
113
460
342
527
191
430
156
663
717
6
888
312
36
854
417
135
428
11
800
781
795
43
488
101
174
295
814
572
22
650
525
334
850
63
273
576
853
960
740
147
429
656
994
139
683
959
857
56
757
216
544
194
680
419
712
843
605
452
223
642
166
552
385
476
625
225
50
697
159
205
62
382
815
562
588
875
582
329
358
41
936
388
83
140
263
248
967
432
497
700
817
311
479
19
840
377
61
723
87
892
729
219
287
860
907
309
755
184
693
763
195
940
462
211
150
649
884
569
355
548
721
956
179
880
839
726
332
116
164
27
643
709
96
521
185
92
501
823
95
0
878
577
245
531
648
533
267
232
48
411
752
951
408
667
929
819
362
142
112
719
395
915
557
182
279
991
175
437
855
15
945
352
293
603
699
652
623
918
74
550
105
596
935
788
186
514
772
942
733
173
613
865
325
455
409
830
206
214
542
499
657
246
976
137
863
434
990
168
992
207
688
322
624
469
215
553
808
405
515
835
289
837
1
369
881
82
57
964
379
16
302
472
378
53
512
67
270
917
599
204
402
689
664
451
237
58
912
838
583
254
715
294
318
611
403
384
551
9
564
798
238
555
502
674
252
268
713
619
323
328
586
602
326
844
972
421
130
155
220
280
495
5
508
905
849
608
926
519
387
478
580
316
636
691
981
449
751
744
122
241
946
236
277
123
738
37
665
620
413
779
816
127
725
629
324
724
31
507
996
833
638
598
364
705
278
380
769
504
415
604
803
540
465
746
522
896
511
535
230
913
965
934
484
458
386
647
510
871
459
447
882
774
937
690
796
573
609
258
820
870
477
767
732
874
692
144
813
943
24
274
423
856
18
351
371
193
145
895
520
491
217
71
210
868
308
842
271
641
283
673
299
988
528
675
404
335
494
793
167
181
143
585
200
85
169
165
473
422
761
482
554
616
192
530
534
373
487
927
426
285
340
687
651
825
743
59
565
615
655
337
618
592
916
345
304
826
261
575
953
170
952
470
76
591
872
799
646
247
559
296
954
401
606
694
158
136
418
549
492
818
911
310
632
146
47
99
338
984
824
104
187
836
792
224
841
55
327
806
35
612
791
897
26
208
151
249
974
66
68
80
739
925
710
777
443
634
672
737
493
315
10
152
363
727
354
32
955
711
433
350
251
506
867
178
49
786
742
958
301
321
13
685
132
547
621
228
292
288
708
831
827
518
448
119
703
728
684
176
464
845
100
177
84
864
21
920
483
805
81
639
39
305
938
431
339
103
407
424
659
950
597
736
701
126
627
978
115
109
120
789
45
396
303
46
593
28
904
677
730
858
910
260
134
75
12
172
160
365
997
589
154
38
133
450
4
239
560
141
256
240
490
343
811
787
393
969
91
333
658
567
932
503
117
34
89
877
201
995
221
284
70
578
107
802
924
869
887
317
102
921
770
275
876
546
108
90
630
804
890
610
637
442
783
822
389
812
633
54
444
481
879
306
640
601
33
496
406
8
852
998
790
171
566
828
676
983
735
381
14
336
617
7
859
810
558
753
758
414
899
517
749
474
696
397
489
486
98
360
286
745
435
894
900
